4 0.0015625 0.10625 0.103125 0.10625 0.103125 0.8984375 0.0015625 0.8984375
4 0.1109375 0.125 0.203125 0.125 0.203125 0.878125 0.1109375 0.878125
4 0.2109375 0.140625 0.3015625 0.140625 0.3015625 0.859375 0.2109375 0.859375
4 0.30625 0.16875 0.39375 0.16875 0.39375 0.8328125 0.30625 0.8328125
4 0.4 0.18125 0.4875 0.18125 0.4875 0.8203125 0.4 0.8203125
4 0.4875 0.2046875 0.5734375 0.2046875 0.5734375 0.8 0.4875 0.8
4 0.56875 0.225 0.6484375 0.225 0.6484375 0.78125 0.56875 0.78125
4 0.653125 0.25 0.7234375 0.25 0.7234375 0.7609375 0.653125 0.7609375
4 0.728125 0.2671875 0.7953125 0.2671875 0.7953125 0.74375 0.728125 0.74375
4 0.7890625 0.290625 0.8546875 0.290625 0.8546875 0.721875 0.7890625 0.721875
4 0.8546875 0.2984375 0.91875 0.2984375 0.91875 0.70625 0.8546875 0.70625
4 0.9203125 0.3109375 0.9765625 0.3109375 0.9765625 0.7 0.9203125 0.7