2 0.01875 0 0.065625 0 0.065625 0.4734375 0.01875 0.4734375
2 0.0203125 0.5015625 0.0828125 0.5015625 0.0828125 0.9953125 0.0203125 0.9953125
2 0.096875 0.5296875 0.1625 0.5296875 0.1625 0.9859375 0.096875 0.9859375
2 0.1796875 0.5015625 0.228125 0.5015625 0.228125 1 0.1796875 1
2 0.2453125 0.5109375 0.2875 0.5109375 0.2875 1 0.2453125 1
2 0.2984375 0.5015625 0.34375 0.5015625 0.34375 1 0.2984375 1
2 0.3578125 0.5109375 0.4109375 0.5109375 0.4109375 1 0.3578125 1
2 0.1359375 0 0.1953125 0 0.1953125 0.509375 0.1359375 0.509375
2 0.071875 0.0125 0.128125 0.0125 0.128125 0.5140625 0.071875 0.5140625
2 0.2765625 0 0.328125 0 0.328125 0.484375 0.2765625 0.484375
2 0.3328125 0 0.3765625 0 0.3765625 0.4921875 0.3328125 0.4921875
2 0.3921875 0 0.4390625 0 0.4390625 0.4890625 0.3921875 0.4890625
2 0.4296875 0.509375 0.5234375 0.509375 0.5234375 1 0.4296875 1
2 0.528125 0.5015625 0.5796875 0.5015625 0.5796875 1 0.528125 1
2 0.5859375 0.4890625 0.6296875 0.4890625 0.6296875 0.9953125 0.5859375 0.9953125
2 0.6390625 0.5015625 0.696875 0.5015625 0.696875 1 0.6390625 1
2 0.7 0.5109375 0.753125 0.5109375 0.753125 1 0.7 1
2 0.7671875 0.5046875 0.8265625 0.5046875 0.8265625 1 0.7671875 1
2 0.8375 0.4796875 0.909375 0.4796875 0.909375 1 0.8375 1
2 0.9171875 0.4921875 0.9703125 0.4921875 0.9703125 1 0.9171875 1
2 0.9125 0 0.9765625 0 0.9765625 0.496875 0.9125 0.496875
2 0.784375 0 0.83125 0 0.83125 0.4890625 0.784375 0.4890625
2 0.621875 0 0.6953125 0 0.6953125 0.496875 0.621875 0.496875