4 0.8203125 0.284375 0.99375 0.284375 0.99375 0.7203125 0.8203125 0.7203125
4 0.740625 0.278125 0.88125 0.278125 0.88125 0.6984375 0.740625 0.6984375
4 0.6609375 0.278125 0.8 0.278125 0.8 0.6828125 0.6609375 0.6828125
4 0.5890625 0.28125 0.6921875 0.28125 0.6921875 0.659375 0.5890625 0.659375
4 0.509375 0.2984375 0.6078125 0.2984375 0.6078125 0.65625 0.509375 0.65625
4 0.4453125 0.309375 0.5171875 0.309375 0.5171875 0.6453125 0.4453125 0.6453125
4 0.3671875 0.328125 0.44375 0.328125 0.44375 0.6296875 0.3671875 0.6296875
4 0.296875 0.346875 0.38125 0.346875 0.38125 0.63125 0.296875 0.63125
4 0.228125 0.3671875 0.315625 0.3671875 0.315625 0.628125 0.228125 0.628125
4 0.1703125 0.3890625 0.2609375 0.3890625 0.2609375 0.6390625 0.1703125 0.6390625
4 0.125 0.421875 0.2171875 0.421875 0.2171875 0.6453125 0.125 0.6453125
4 0.0859375 0.44375 0.1734375 0.44375 0.1734375 0.6484375 0.0859375 0.6484375
4 0.040625 0.475 0.13125 0.475 0.13125 0.659375 0.040625 0.659375
4 0.009375 0.5 0.096875 0.5 0.096875 0.6671875 0.009375 0.6671875