4 0.1578125 0.0546875 0.290625 0.0546875 0.290625 0.5140625 0.1578125 0.5140625
4 0.2859375 0.05625 0.4109375 0.05625 0.4109375 0.484375 0.2859375 0.484375
4 0.409375 0.0515625 0.53125 0.0515625 0.53125 0.475 0.409375 0.475
4 0.525 0.0515625 0.628125 0.0515625 0.628125 0.4359375 0.525 0.4359375
4 0.63125 0.0578125 0.721875 0.0578125 0.721875 0.421875 0.63125 0.421875
4 0.721875 0.0515625 0.8046875 0.0515625 0.8046875 0.3828125 0.721875 0.3828125
4 0.71875 0.4671875 0.846875 0.4671875 0.846875 0.9515625 0.71875 0.9515625
4 0.5984375 0.4921875 0.7203125 0.4921875 0.7203125 0.95 0.5984375 0.95
4 0.484375 0.5015625 0.59375 0.5015625 0.59375 0.94375 0.484375 0.94375
4 0.3734375 0.525 0.4828125 0.525 0.4828125 0.94375 0.3734375 0.94375
4 0.275 0.5390625 0.3765625 0.5390625 0.3765625 0.9453125 0.275 0.9453125
4 0.175 0.559375 0.2734375 0.559375 0.2734375 0.94375 0.175 0.94375