4 0.8234375 0.3078125 0.9296875 0.3078125 0.9296875 0.51875 0.8234375 0.51875
4 0.0609375 0.5890625 0.1078125 0.5890625 0.1078125 0.675 0.0609375 0.675
4 0.1015625 0.5734375 0.140625 0.5734375 0.140625 0.6515625 0.1015625 0.6515625
4 0.153125 0.55 0.196875 0.55 0.196875 0.634375 0.153125 0.634375
4 0.19375 0.528125 0.24375 0.528125 0.24375 0.621875 0.19375 0.621875
4 0.2484375 0.5125 0.3046875 0.5125 0.3046875 0.60625 0.2484375 0.60625
4 0.2921875 0.4953125 0.3546875 0.4953125 0.3546875 0.584375 0.2921875 0.584375
4 0.346875 0.475 0.40625 0.475 0.40625 0.5796875 0.346875 0.5796875
4 0.3984375 0.459375 0.4578125 0.459375 0.4578125 0.5625 0.3984375 0.5625
4 0.4515625 0.4375 0.5203125 0.4375 0.5203125 0.5453125 0.4515625 0.5453125
4 0.503125 0.425 0.5828125 0.425 0.5828125 0.5421875 0.503125 0.5421875
4 0.58125 0.39375 0.65625 0.39375 0.65625 0.5234375 0.58125 0.5234375
4 0.64375 0.3515625 0.7296875 0.3515625 0.7296875 0.5203125 0.64375 0.5203125
4 0.7265625 0.340625 0.8171875 0.340625 0.8171875 0.5015625 0.7265625 0.5015625