4 0.75625 0.2328125 0.871875 0.2328125 0.871875 0.7921875 0.75625 0.7921875
4 0.696875 0.290625 0.7796875 0.290625 0.7796875 0.7296875 0.696875 0.7296875
4 0.6359375 0.296875 0.7109375 0.296875 0.7109375 0.7 0.6359375 0.7
4 0.56875 0.2859375 0.64375 0.2859375 0.64375 0.6734375 0.56875 0.6734375
4 0.509375 0.2875 0.578125 0.2875 0.578125 0.6515625 0.509375 0.6515625
4 0.4609375 0.3171875 0.5171875 0.3171875 0.5171875 0.640625 0.4609375 0.640625
4 0.415625 0.3234375 0.465625 0.3234375 0.465625 0.6078125 0.415625 0.6078125
4 0.3671875 0.33125 0.4171875 0.33125 0.4171875 0.603125 0.3671875 0.603125
4 0.3203125 0.33125 0.3703125 0.33125 0.3703125 0.590625 0.3203125 0.590625
4 0.278125 0.334375 0.321875 0.334375 0.321875 0.5890625 0.278125 0.5890625
4 0.2421875 0.3671875 0.28125 0.3671875 0.28125 0.571875 0.2421875 0.571875
4 0.20625 0.3609375 0.240625 0.3609375 0.240625 0.5609375 0.20625 0.5609375
4 0.1640625 0.3765625 0.2015625 0.3765625 0.2015625 0.559375 0.1640625 0.559375
4 0.134375 0.3921875 0.165625 0.3921875 0.165625 0.546875 0.134375 0.546875
4 0.1078125 0.384375 0.1390625 0.384375 0.1390625 0.5390625 0.1078125 0.5390625
4 0.0734375 0.378125 0.1 0.378125 0.1 0.51875 0.0734375 0.51875