2 0.053125 0.0234375 0.4296875 0.0234375 0.4296875 0.240625 0.053125 0.240625
2 0.4390625 0.1921875 0.971875 0.1921875 0.971875 0.58125 0.4390625 0.58125
4 0.05 0.2578125 0.1625 0.2578125 0.1625 1 0.05 1
4 0.15 0.3046875 0.25 0.3046875 0.25 0.9625 0.15 0.9625
4 0.240625 0.3890625 0.3359375 0.3890625 0.3359375 0.9984375 0.240625 0.9984375
4 0.328125 0.421875 0.40625 0.421875 0.40625 1 0.328125 1
4 0.4015625 0.453125 0.48125 0.453125 0.48125 1 0.4015625 1
4 0.4765625 0.484375 0.553125 0.484375 0.553125 0.9921875 0.4765625 0.9921875
4 0.5390625 0.5046875 0.6109375 0.5046875 0.6109375 0.9953125 0.5390625 0.9953125
4 0.6015625 0.54375 0.675 0.54375 0.675 0.996875 0.6015625 0.996875
4 0.665625 0.5875 0.728125 0.5875 0.728125 0.99375 0.665625 0.99375
4 0.7203125 0.6234375 0.7828125 0.6234375 0.7828125 0.9984375 0.7203125 0.9984375
4 0.775 0.64375 0.83125 0.64375 0.83125 1 0.775 1
4 0.8234375 0.6609375 0.8828125 0.6609375 0.8828125 0.9953125 0.8234375 0.9953125
4 0.865625 0.7171875 0.91875 0.7171875 0.91875 0.990625 0.865625 0.990625
4 0.903125 0.7375 0.9546875 0.7375 0.9546875 1 0.903125 1