4 0.734375 0.0796875 0.828125 0.0796875 0.828125 0.4421875 0.734375 0.4421875
4 0.63125 0.5203125 0.703125 0.5203125 0.703125 0.69375 0.63125 0.69375
4 0.69375 0.528125 0.753125 0.528125 0.753125 0.690625 0.69375 0.690625
4 0.75 0.54375 0.7984375 0.54375 0.7984375 0.690625 0.75 0.690625
4 0.8046875 0.55625 0.85 0.55625 0.85 0.6890625 0.8046875 0.6890625
4 0.846875 0.5703125 0.8890625 0.5703125 0.8890625 0.6984375 0.846875 0.6984375
4 0.890625 0.58125 0.9265625 0.58125 0.9265625 0.6828125 0.890625 0.6828125
4 0.596875 0.71875 0.984375 0.71875 0.984375 0.78125 0.596875 0.78125
4 0.5984375 0.7859375 0.9796875 0.7859375 0.9796875 0.84375 0.5984375 0.84375
4 0.6328125 0.84375 0.978125 0.84375 0.978125 0.8953125 0.6328125 0.8953125
4 0.6453125 0.8953125 0.9796875 0.8953125 0.9796875 0.946875 0.6453125 0.946875
4 0.6765625 0.9390625 0.975 0.9390625 0.975 0.9859375 0.6765625 0.9859375
2 0.8375 0.0171875 0.934375 0.0171875 0.934375 0.4484375 0.8375 0.4484375
2 0.278125 0.6765625 0.3890625 0.6765625 0.3890625 0.9765625 0.278125 0.9765625
2 0.3734375 0.69375 0.4828125 0.69375 0.4828125 0.9765625 0.3734375 0.9765625
2 0.4734375 0.703125 0.578125 0.703125 0.578125 0.9875 0.4734375 0.9875
2 0.496875 0.015625 0.6015625 0.015625 0.6015625 0.45625 0.496875 0.45625
3 0.2515625 0.4578125 0.603125 0.4578125 0.603125 0.50625 0.2515625 0.50625
3 0.209375 0.5046875 0.6015625 0.5046875 0.6015625 0.5625 0.209375 0.5625
3 0.0453125 0.5375 0.35625 0.5375 0.35625 0.584375 0.0453125 0.584375
3 0.2265625 0.565625 0.5953125 0.565625 0.5953125 0.6171875 0.2265625 0.6171875
3 0.0453125 0.59375 0.3984375 0.59375 0.3984375 0.64375 0.0453125 0.64375
3 0.175 0.6234375 0.603125 0.6234375 0.603125 0.6875 0.175 0.6875
3 0.13125 0.6671875 0.1796875 0.6671875 0.1796875 0.971875 0.13125 0.971875
1 0.6078125 0.009375 0.7765625 0.009375 0.7765625 0.4484375 0.6078125 0.4484375