4 0.8421875 0.2234375 0.98125 0.2234375 0.98125 0.803125 0.8421875 0.803125
4 0.7671875 0.2515625 0.871875 0.2515625 0.871875 0.7921875 0.7671875 0.7921875
4 0.678125 0.265625 0.775 0.265625 0.775 0.8 0.678125 0.8
4 0.59375 0.3015625 0.690625 0.3015625 0.690625 0.8 0.59375 0.8
4 0.5125 0.334375 0.59375 0.334375 0.59375 0.8 0.5125 0.8
4 0.4421875 0.3625 0.5171875 0.3625 0.5171875 0.7921875 0.4421875 0.7921875
4 0.3703125 0.3953125 0.45 0.3953125 0.45 0.79375 0.3703125 0.79375
4 0.3171875 0.4375 0.3875 0.4375 0.3875 0.7984375 0.3171875 0.7984375
4 0.2421875 0.4640625 0.3171875 0.4640625 0.3171875 0.7921875 0.2421875 0.7921875
4 0.19375 0.496875 0.2515625 0.496875 0.2515625 0.8 0.19375 0.8
4 0.1484375 0.5296875 0.2015625 0.5296875 0.2015625 0.803125 0.1484375 0.803125
4 0.09375 0.5625 0.1421875 0.5625 0.1421875 0.809375 0.09375 0.809375
4 0.021875 0.6125 0.0765625 0.6125 0.0765625 0.8109375 0.021875 0.8109375