1 0.8640625 0.4984375 1 0.4984375 1 0.8203125 0.8640625 0.8203125
1 0.7046875 0.496875 0.8625 0.496875 0.8625 0.815625 0.7046875 0.815625
1 0.5859375 0.490625 0.7734375 0.490625 0.7734375 0.8640625 0.5859375 0.8640625
1 0.4625 0.471875 0.6828125 0.471875 0.6828125 0.8578125 0.4625 0.8578125
1 0.2453125 0.48125 0.5265625 0.48125 0.5265625 0.953125 0.2453125 0.953125
1 0.05625 0.4828125 0.378125 0.4828125 0.378125 0.9890625 0.05625 0.9890625
1 0.0328125 0.4515625 0.2609375 0.4515625 0.2609375 0.8125 0.0328125 0.8125
1 0.0140625 0.31875 0.19375 0.31875 0.19375 0.68125 0.0140625 0.68125
1 0.190625 0.059375 0.3234375 0.059375 0.3234375 0.409375 0.190625 0.409375
1 0.6609375 0.0046875 0.7625 0.0046875 0.7625 0.321875 0.6609375 0.321875
1 0.7671875 0.04375 0.859375 0.04375 0.859375 0.3109375 0.7671875 0.3109375