1 0.009375 0.034375 0.1828125 0.034375 0.1828125 0.19375 0.009375 0.19375
1 0.1234375 0.0078125 0.3265625 0.0078125 0.3265625 0.2046875 0.1234375 0.2046875
1 0.2796875 0.0265625 0.4375 0.0265625 0.4375 0.1859375 0.2796875 0.1859375
1 0.4421875 0.025 0.59375 0.025 0.59375 0.18125 0.4421875 0.18125
1 0.575 0.0140625 0.7203125 0.0140625 0.7203125 0.1625 0.575 0.1625
1 0.703125 0.003125 0.8484375 0.003125 0.8484375 0.1625 0.703125 0.1625
1 0.809375 0 0.9984375 0 0.9984375 0.1796875 0.809375 0.1796875
1 0.8421875 0.190625 1 0.190625 1 0.31875 0.8421875 0.31875
1 0.7328125 0.184375 0.8671875 0.184375 0.8671875 0.3328125 0.7328125 0.3328125
1 0.58125 0.1796875 0.7375 0.1796875 0.7375 0.340625 0.58125 0.340625
1 0.4515625 0.19375 0.6015625 0.19375 0.6015625 0.3390625 0.4515625 0.3390625
1 0.309375 0.190625 0.4703125 0.190625 0.4703125 0.3453125 0.309375 0.3453125
1 0.134375 0.178125 0.3453125 0.178125 0.3453125 0.3609375 0.134375 0.3609375
1 0 0.19375 0.1734375 0.19375 0.1734375 0.359375 0 0.359375
1 0.0046875 0.3734375 0.2015625 0.3734375 0.2015625 0.5578125 0.0046875 0.5578125
1 0.1328125 0.3671875 0.3140625 0.3671875 0.3140625 0.540625 0.1328125 0.540625
1 0.29375 0.346875 0.4625 0.346875 0.4625 0.53125 0.29375 0.53125
1 0.4234375 0.3671875 0.584375 0.3671875 0.584375 0.53125 0.4234375 0.53125
1 0.5546875 0.3453125 0.70625 0.3453125 0.70625 0.5234375 0.5546875 0.5234375
1 0.70625 0.3453125 0.859375 0.3453125 0.859375 0.5171875 0.70625 0.5171875
1 0.81875 0.3703125 0.9984375 0.3703125 0.9984375 0.5265625 0.81875 0.5265625
1 0.153125 0.515625 0.34375 0.515625 0.34375 0.734375 0.153125 0.734375
1 0.4375 0.5171875 0.5875 0.5171875 0.5875 0.678125 0.4375 0.678125
1 0.8328125 0.53125 0.9765625 0.53125 0.9765625 0.6765625 0.8328125 0.6765625
1 0.1625 0.6703125 0.3859375 0.6703125 0.3859375 0.8625 0.1625 0.8625
1 0.1671875 0.84375 0.328125 0.84375 0.328125 0.9921875 0.1671875 0.9921875
1 0.2953125 0.8484375 0.4796875 0.8484375 0.4796875 0.984375 0.2953125 0.984375
1 0.4265625 0.859375 0.5734375 0.859375 0.5734375 1 0.4265625 1
1 0.528125 0.85625 0.684375 0.85625 0.684375 1 0.528125 1