1 0.53125 0.228125 0.653125 0.228125 0.653125 0.6546875 0.53125 0.6546875
1 0.6578125 0.2671875 0.771875 0.2671875 0.771875 0.6921875 0.6578125 0.6921875
1 0.75 0.3015625 0.9 0.3015625 0.9 0.7484375 0.75 0.7484375
1 0.921875 0.2671875 1 0.2671875 1 0.6328125 0.921875 0.6328125
1 0.8859375 0.709375 0.996875 0.709375 0.996875 1 0.8859375 1
1 0.74375 0.7765625 0.8609375 0.7765625 0.8609375 1 0.74375 1
1 0.5171875 0.7640625 0.60625 0.7640625 0.60625 1 0.5171875 1
1 0.39375 0.7609375 0.4875 0.7609375 0.4875 1 0.39375 1
1 0.2703125 0.765625 0.3796875 0.765625 0.3796875 1 0.2703125 1
1 0.0953125 0.8453125 0.2421875 0.8453125 0.2421875 1 0.0953125 1
1 0 0.90625 0.1265625 0.90625 0.1265625 1 0 1
1 0 0.4734375 0.08125 0.4734375 0.08125 0.925 0 0.925
1 0.3421875 0.3546875 0.45625 0.3546875 0.45625 0.7515625 0.3421875 0.7515625