1 0.0375 0.01875 0.16875 0.01875 0.16875 0.275 0.0375 0.275
1 0.296875 0.025 0.396875 0.025 0.396875 0.275 0.296875 0.275
1 0.465625 0.025 0.6265625 0.025 0.6265625 0.26875 0.465625 0.26875
1 0.69375 0.04375 0.83125 0.04375 0.83125 0.2734375 0.69375 0.2734375
1 0.6765625 0.3625 0.896875 0.3625 0.896875 0.58125 0.6765625 0.58125
1 0.4203125 0.3453125 0.6421875 0.3453125 0.6421875 0.6046875 0.4203125 0.6046875
1 0.2421875 0.371875 0.4390625 0.371875 0.4390625 0.6109375 0.2421875 0.6109375
1 0.0515625 0.3390625 0.178125 0.3390625 0.178125 0.6203125 0.0515625 0.6203125
1 0.0375 0.709375 0.253125 0.709375 0.253125 0.9453125 0.0375 0.9453125
1 0.3328125 0.6859375 0.5375 0.6859375 0.5375 0.9390625 0.3328125 0.9390625
1 0.659375 0.6828125 0.775 0.6828125 0.775 0.93125 0.659375 0.93125