1 0.5625 0.134375 0.671875 0.134375 0.671875 0.6 0.5625 0.6
1 0.4078125 0.4046875 0.553125 0.4046875 0.553125 0.6671875 0.4078125 0.6671875
1 0.2734375 0.5546875 0.4375 0.5546875 0.4375 0.68125 0.2734375 0.68125
1 0.146875 0.265625 0.296875 0.265625 0.296875 0.6703125 0.146875 0.6703125
1 0.0125 0.0109375 0.1875 0.0109375 0.1875 0.6671875 0.0125 0.6671875
1 0.28125 0 0.4234375 0 0.4234375 0.5515625 0.28125 0.5515625
1 0.4171875 0 0.5296875 0 0.5296875 0.4265625 0.4171875 0.4265625
1 0.6515625 0.00625 0.834375 0.00625 0.834375 0.684375 0.6515625 0.684375
1 0.803125 0.475 0.975 0.475 0.975 0.6671875 0.803125 0.6671875
1 0.740625 0.7078125 0.9234375 0.7078125 0.9234375 0.959375 0.740625 0.959375
1 0.359375 0.840625 0.496875 0.840625 0.496875 1 0.359375 1
1 0 0.696875 0.2515625 0.696875 0.2515625 0.965625 0 0.965625