1 0.2890625 0.0484375 0.3984375 0.0484375 0.3984375 0.3859375 0.2890625 0.3859375
1 0.29375 0.3984375 0.39375 0.3984375 0.39375 0.765625 0.29375 0.765625
1 0.3609375 0.44375 0.4515625 0.44375 0.4515625 0.8 0.3609375 0.8
1 0.428125 0.3921875 0.5078125 0.3921875 0.5078125 0.653125 0.428125 0.653125
1 0.4890625 0.4515625 0.5625 0.4515625 0.5625 0.7125 0.4890625 0.7125
1 0.6953125 0.45 0.79375 0.45 0.79375 0.821875 0.6953125 0.821875
1 0.7703125 0.39375 0.8453125 0.39375 0.8453125 0.7015625 0.7703125 0.7015625
1 0.815625 0.45625 0.8984375 0.45625 0.8984375 0.734375 0.815625 0.734375
1 0.8734375 0.4125 0.9515625 0.4125 0.9515625 0.6875 0.8734375 0.6875
1 0.9046875 0.45 0.9890625 0.45 0.9890625 0.73125 0.9046875 0.73125
1 0.9640625 0.409375 1 0.409375 1 0.7015625 0.9640625 0.7015625
1 0.415625 0.715625 0.54375 0.715625 0.54375 1 0.415625 1
1 0.3796875 0.8 0.465625 0.8 0.465625 1 0.3796875 1
1 0.3296875 0.903125 0.4203125 0.903125 0.4203125 1 0.3296875 1
1 0.2796875 0.8203125 0.378125 0.8203125 0.378125 1 0.2796875 1
1 0.3671875 0.0125 0.4640625 0.0125 0.4640625 0.3578125 0.3671875 0.3578125
1 0.4171875 0.0578125 0.5203125 0.0578125 0.5203125 0.396875 0.4171875 0.396875
1 0.4765625 0.0125 0.5703125 0.0125 0.5703125 0.3921875 0.4765625 0.3921875
1 0.534375 0.0625 0.6140625 0.0625 0.6140625 0.396875 0.534375 0.396875
1 0.584375 0.0375 0.64375 0.0375 0.64375 0.278125 0.584375 0.278125
1 0.628125 0.0953125 0.6875 0.0953125 0.6875 0.35 0.628125 0.35
1 0.665625 0.025 0.75625 0.025 0.75625 0.3796875 0.665625 0.3796875
1 0.821875 0.034375 0.9109375 0.034375 0.9109375 0.3671875 0.821875 0.3671875