1 0.503125 0.0609375 0.75 0.0609375 0.75 0.14375 0.503125 0.14375
1 0.5140625 0.2109375 0.753125 0.2109375 0.753125 0.29375 0.5140625 0.29375
1 0.50625 0.3765625 0.753125 0.3765625 0.753125 0.4703125 0.50625 0.4703125
1 0.50625 0.5390625 0.75 0.5390625 0.75 0.6296875 0.50625 0.6296875
1 0.50625 0.703125 0.753125 0.703125 0.753125 0.796875 0.50625 0.796875
1 0.50625 0.865625 0.75625 0.865625 0.75625 0.9578125 0.50625 0.9578125
1 0.0125 0.0375 0.2609375 0.0375 0.2609375 0.146875 0.0125 0.146875
1 0.0203125 0.2125 0.25625 0.2125 0.25625 0.3046875 0.0203125 0.3046875
1 0.015625 0.3734375 0.25625 0.3734375 0.25625 0.475 0.015625 0.475
1 0.015625 0.540625 0.253125 0.540625 0.253125 0.6328125 0.015625 0.6328125
1 0.0125 0.6984375 0.25625 0.6984375 0.25625 0.7875 0.0125 0.7875
1 0.0140625 0.8640625 0.2546875 0.8640625 0.2546875 0.953125 0.0140625 0.953125