1 0.63125 0.2875 0.7328125 0.2875 0.7328125 0.5671875 0.63125 0.5671875
1 0.9 0.2609375 1 0.2609375 1 0.53125 0.9 0.53125
1 0.9078125 0.81875 1 0.81875 1 1 0.9078125 1
1 0.56875 0.9015625 0.6515625 0.9015625 0.6515625 1 0.56875 1
1 0.4875 0.8875 0.5453125 0.8875 0.5453125 0.9953125 0.4875 0.9953125
1 0.0875 0.1140625 0.134375 0.1140625 0.134375 0.240625 0.0875 0.240625
1 0.1390625 0.1125 0.178125 0.1125 0.178125 0.2734375 0.1390625 0.2734375
1 0.0515625 0.0640625 0.1171875 0.0640625 0.1171875 0.215625 0.0515625 0.215625
1 0.0234375 0.096875 0.0734375 0.096875 0.0734375 0.2515625 0.0234375 0.2515625
1 0.0046875 0.2671875 0.05625 0.2671875 0.05625 0.4328125 0.0046875 0.4328125
1 0.0703125 0.2703125 0.1203125 0.2703125 0.1203125 0.4078125 0.0703125 0.4078125
1 0.1015625 0.309375 0.1375 0.309375 0.1375 0.4640625 0.1015625 0.4640625
1 0.1515625 0.3078125 0.1921875 0.3078125 0.1921875 0.4421875 0.1515625 0.4421875
1 0.1765625 0.2671875 0.21875 0.2671875 0.21875 0.4203125 0.1765625 0.4203125
1 0.35 0.6640625 0.4015625 0.6640625 0.4015625 0.859375 0.35 0.859375
1 0.25625 0.790625 0.3109375 0.790625 0.3109375 0.9890625 0.25625 0.9890625
1 0.2546875 0.646875 0.2875 0.646875 0.2875 0.8046875 0.2546875 0.8046875
1 0.3 0.6828125 0.346875 0.6828125 0.346875 0.846875 0.3 0.846875
1 0.7578125 0.0328125 0.8234375 0.0328125 0.8234375 0.2390625 0.7578125 0.2390625
1 0.9015625 0 0.990625 0 0.990625 0.175 0.9015625 0.175
1 0.6484375 0.090625 0.70625 0.090625 0.70625 0.26875 0.6484375 0.26875
1 0.5484375 0.084375 0.603125 0.084375 0.603125 0.3234375 0.5484375 0.3234375
1 0.4640625 0.5 0.534375 0.5 0.534375 0.7359375 0.4640625 0.7359375
1 0.425 0.6796875 0.4953125 0.6796875 0.4953125 0.8921875 0.425 0.8921875