1 0.084375 0.1234375 0.2015625 0.1234375 0.2015625 0.534375 0.084375 0.534375
1 0.171875 0.0765625 0.2734375 0.0765625 0.2734375 0.475 0.171875 0.475
1 0.253125 0.128125 0.3625 0.128125 0.3625 0.5625 0.253125 0.5625
1 0.3296875 0.0671875 0.434375 0.0671875 0.434375 0.540625 0.3296875 0.540625
1 0.415625 0.1578125 0.5765625 0.1578125 0.5765625 0.640625 0.415625 0.640625
1 0.5671875 0.1125 0.6875 0.1125 0.6875 0.5640625 0.5671875 0.5640625
1 0.6390625 0.05625 0.7453125 0.05625 0.7453125 0.5140625 0.6390625 0.5140625
1 0.7078125 0.109375 0.846875 0.109375 0.846875 0.5390625 0.7078125 0.5390625
1 0.803125 0.04375 0.9109375 0.04375 0.9109375 0.4953125 0.803125 0.4953125
2 0.078125 0.71875 0.1578125 0.71875 0.1578125 1 0.078125 1
2 0.146875 0.7265625 0.2390625 0.7265625 0.2390625 1 0.146875 1
2 0.234375 0.73125 0.33125 0.73125 0.33125 1 0.234375 1