1 0.375 0.0625 0.5265625 0.0625 0.5265625 0.4921875 0.375 0.4921875
1 0.2890625 0.3578125 0.53125 0.3578125 0.53125 0.6890625 0.2890625 0.6890625
1 0.6484375 0.06875 0.83125 0.06875 0.83125 0.446875 0.6484375 0.446875
1 0.6890625 0.4140625 0.9671875 0.4140625 0.9671875 1 0.6890625 1
1 0.6671875 0.6203125 0.76875 0.6203125 0.76875 0.9984375 0.6671875 0.9984375
1 0.54375 0.5515625 0.675 0.5515625 0.675 0.9640625 0.54375 0.9640625
1 0.3359375 0.6578125 0.4375 0.6578125 0.4375 0.984375 0.3359375 0.984375
1 0.1828125 0.4671875 0.353125 0.4671875 0.353125 1 0.1828125 1
1 0.0078125 0.553125 0.1234375 0.553125 0.1234375 0.990625 0.0078125 0.990625
1 0.1765625 0.0359375 0.321875 0.0359375 0.321875 0.4609375 0.1765625 0.4609375
1 0.071875 0.1671875 0.203125 0.1671875 0.203125 0.9703125 0.071875 0.9703125