1 0.3375 0.0609375 0.446875 0.0609375 0.446875 0.33125 0.3375 0.33125
1 0.4359375 0.059375 0.56875 0.059375 0.56875 0.3328125 0.4359375 0.3328125
1 0.596875 0.0609375 0.7109375 0.0609375 0.7109375 0.325 0.596875 0.325
3 0.6859375 0.2703125 0.7375 0.2703125 0.7375 0.4328125 0.6859375 0.4328125
3 0.71875 0.2546875 0.7703125 0.2546875 0.7703125 0.425 0.71875 0.425
3 0.7421875 0.2609375 0.815625 0.2609375 0.815625 0.4265625 0.7421875 0.4265625
3 0.7609375 0.271875 0.8609375 0.271875 0.8609375 0.428125 0.7609375 0.428125
3 0.8046875 0.278125 0.8984375 0.278125 0.8984375 0.4203125 0.8046875 0.4203125
3 0.640625 0.4421875 0.6765625 0.4421875 0.6765625 0.6046875 0.640625 0.6046875
3 0.6953125 0.45 0.7296875 0.45 0.7296875 0.6046875 0.6953125 0.6046875
3 0.7421875 0.4328125 0.78125 0.4328125 0.78125 0.628125 0.7421875 0.628125
3 0.7703125 0.446875 0.80625 0.446875 0.80625 0.60625 0.7703125 0.60625
3 0.8125 0.4421875 0.8609375 0.4421875 0.8609375 0.6109375 0.8125 0.6109375
3 0.721875 0.6265625 0.753125 0.6265625 0.753125 0.8140625 0.721875 0.8140625
3 0.78125 0.6234375 0.796875 0.6234375 0.796875 0.7890625 0.78125 0.7890625
3 0.815625 0.6171875 0.859375 0.6171875 0.859375 0.8203125 0.815625 0.8203125
3 0.6828125 0.6296875 0.7140625 0.6296875 0.7140625 0.7859375 0.6828125 0.7859375
2 0.5515625 0.61875 0.6140625 0.61875 0.6140625 0.7875 0.5515625 0.7875
2 0.4953125 0.6375 0.5515625 0.6375 0.5515625 0.7765625 0.4953125 0.7765625
2 0.365625 0.6609375 0.4296875 0.6609375 0.4296875 0.7765625 0.365625 0.7765625
1 0.0796875 0.09375 0.203125 0.09375 0.203125 0.353125 0.0796875 0.353125
1 0.18125 0.0859375 0.29375 0.0859375 0.29375 0.38125 0.18125 0.38125
1 0.2234375 0.2203125 0.3578125 0.2203125 0.3578125 0.46875 0.2234375 0.46875
3 0.490625 0.4203125 0.55625 0.4203125 0.55625 0.603125 0.490625 0.603125
2 0.5453125 0.4421875 0.6125 0.4421875 0.6125 0.609375 0.5453125 0.609375
3 0.78125 0.815625 0.8234375 0.815625 0.8234375 0.928125 0.78125 0.928125
3 0.7515625 0.8125 0.79375 0.8125 0.79375 0.9421875 0.7515625 0.9421875
3 0.7046875 0.8140625 0.740625 0.8140625 0.740625 0.9625 0.7046875 0.9625
3 0.684375 0.8125 0.7140625 0.8125 0.7140625 0.95 0.684375 0.95
3 0.6625 0.8140625 0.6890625 0.8140625 0.6890625 0.9375 0.6625 0.9375
3 0.646875 0.815625 0.6671875 0.815625 0.6671875 0.9453125 0.646875 0.9453125
3 0.5546875 0.8171875 0.5859375 0.8171875 0.5859375 0.9421875 0.5546875 0.9421875
3 0.4984375 0.8109375 0.5390625 0.8109375 0.5390625 0.934375 0.4984375 0.934375
3 0.48125 0.815625 0.5 0.815625 0.5 0.9453125 0.48125 0.9453125
3 0.428125 0.8359375 0.4734375 0.8359375 0.4734375 0.940625 0.428125 0.940625
2 0.4640625 0.640625 0.509375 0.640625 0.509375 0.78125 0.4640625 0.78125
2 0.4203125 0.653125 0.4671875 0.653125 0.4671875 0.7796875 0.4203125 0.7796875