1 0.8828125 0.05 0.9859375 0.05 0.9859375 0.278125 0.8828125 0.278125
1 0.8234375 0.05 0.915625 0.05 0.915625 0.26875 0.8234375 0.26875
1 0.7671875 0.0265625 0.8609375 0.0265625 0.8609375 0.2734375 0.7671875 0.2734375
1 0.6953125 0.0328125 0.8 0.0328125 0.8 0.2875 0.6953125 0.2875
1 0.6171875 0.0453125 0.7234375 0.0453125 0.7234375 0.2859375 0.6171875 0.2859375
1 0.5515625 0.0359375 0.65625 0.0359375 0.65625 0.2765625 0.5515625 0.2765625
1 0.475 0.05 0.5859375 0.05 0.5859375 0.2734375 0.475 0.2734375
1 0.4078125 0.05 0.5046875 0.05 0.5046875 0.26875 0.4078125 0.26875
1 0.3375 0.0390625 0.446875 0.0390625 0.446875 0.26875 0.3375 0.26875
1 0.2703125 0.05625 0.3640625 0.05625 0.3640625 0.2671875 0.2703125 0.2671875
1 0.2 0.0359375 0.2953125 0.0359375 0.2953125 0.2734375 0.2 0.2734375
1 0.128125 0.0484375 0.23125 0.0484375 0.23125 0.2609375 0.128125 0.2609375
1 0.0765625 0.046875 0.1578125 0.046875 0.1578125 0.278125 0.0765625 0.278125
1 0 0.05625 0.09375 0.05625 0.09375 0.2796875 0 0.2796875
1 0.021875 0.2875 0.103125 0.2875 0.103125 0.5171875 0.021875 0.5171875
1 0.0859375 0.2953125 0.165625 0.2953125 0.165625 0.4984375 0.0859375 0.4984375
1 0.1390625 0.2953125 0.225 0.2953125 0.225 0.5171875 0.1390625 0.5171875
1 0.78125 0.2890625 0.884375 0.2890625 0.884375 0.51875 0.78125 0.51875
1 0.7234375 0.296875 0.8125 0.296875 0.8125 0.50625 0.7234375 0.50625
1 0.6703125 0.2953125 0.746875 0.2953125 0.746875 0.5 0.6703125 0.5
1 0.6109375 0.296875 0.6921875 0.296875 0.6921875 0.5 0.6109375 0.5
1 0.5484375 0.29375 0.6296875 0.29375 0.6296875 0.5109375 0.5484375 0.5109375
1 0.484375 0.2875 0.559375 0.2875 0.559375 0.5171875 0.484375 0.5171875
1 0.4203125 0.284375 0.4921875 0.284375 0.4921875 0.5 0.4203125 0.5
1 0.33125 0.2859375 0.421875 0.2859375 0.421875 0.496875 0.33125 0.496875
1 0.2671875 0.2859375 0.359375 0.2859375 0.359375 0.503125 0.2671875 0.503125
1 0.2 0.2875 0.284375 0.2875 0.284375 0.51875 0.2 0.51875
1 0.8203125 0.5265625 0.9078125 0.5265625 0.9078125 0.75 0.8203125 0.75
1 0.7609375 0.5171875 0.8375 0.5171875 0.8375 0.753125 0.7609375 0.753125
1 0.7046875 0.5234375 0.7875 0.5234375 0.7875 0.7546875 0.7046875 0.7546875
1 0.6359375 0.5296875 0.71875 0.5296875 0.71875 0.7546875 0.6359375 0.7546875
1 0.5703125 0.5359375 0.653125 0.5359375 0.653125 0.759375 0.5703125 0.759375
1 0.5 0.53125 0.5859375 0.53125 0.5859375 0.759375 0.5 0.759375
1 0.409375 0.5296875 0.5046875 0.5296875 0.5046875 0.7296875 0.409375 0.7296875
1 0.3453125 0.5140625 0.446875 0.5140625 0.446875 0.7515625 0.3453125 0.7515625
1 0.2875 0.528125 0.3796875 0.528125 0.3796875 0.75 0.2875 0.75
1 0.2015625 0.5265625 0.29375 0.5265625 0.29375 0.75625 0.2015625 0.75625
1 0.1484375 0.534375 0.2265625 0.534375 0.2265625 0.75 0.1484375 0.75
1 0.078125 0.525 0.1734375 0.525 0.1734375 0.75625 0.078125 0.75625
1 0.0046875 0.5359375 0.1109375 0.5359375 0.1109375 0.7390625 0.0046875 0.7390625
1 0.8078125 0.7671875 0.8953125 0.7671875 0.8953125 0.9859375 0.8078125 0.9859375
1 0.75 0.75 0.8359375 0.75 0.8359375 0.996875 0.75 0.996875
1 0.671875 0.76875 0.7578125 0.76875 0.7578125 0.984375 0.671875 0.984375
1 0.6015625 0.7671875 0.6796875 0.7671875 0.6796875 0.984375 0.6015625 0.984375
1 0.5359375 0.7671875 0.6171875 0.7671875 0.6171875 0.971875 0.5359375 0.971875
1 0.4796875 0.75625 0.55 0.75625 0.55 0.98125 0.4796875 0.98125
1 0.4 0.75625 0.4859375 0.75625 0.4859375 0.975 0.4 0.975
1 0.3296875 0.765625 0.4140625 0.765625 0.4140625 0.98125 0.3296875 0.98125
1 0.2609375 0.746875 0.35 0.746875 0.35 0.95625 0.2609375 0.95625
1 0.2015625 0.7578125 0.28125 0.7578125 0.28125 0.9625 0.2015625 0.9625
1 0.14375 0.7546875 0.2375 0.7546875 0.2375 0.9734375 0.14375 0.9734375
1 0.0859375 0.7578125 0.1625 0.7578125 0.1625 0.98125 0.0859375 0.98125
1 0.0234375 0.7640625 0.0984375 0.7640625 0.0984375 0.9796875 0.0234375 0.9796875