3 0.0078125 0.8203125 0.903125 0.8203125 0.903125 0.909375 0.0078125 0.909375
3 0.1 0.7734375 0.978125 0.7734375 0.978125 0.8421875 0.1 0.8421875
3 0.178125 0.7296875 0.4578125 0.7296875 0.4578125 0.7796875 0.178125 0.7796875
3 0.459375 0.725 0.7625 0.725 0.7625 0.78125 0.459375 0.78125
3 0.7828125 0.6640625 0.978125 0.6640625 0.978125 0.7328125 0.7828125 0.7328125
3 0.6140625 0.5421875 0.9625 0.5421875 0.9625 0.740625 0.6140625 0.740625
3 0.625 0.4296875 0.9765625 0.4296875 0.9765625 0.6859375 0.625 0.6859375
3 0.5453125 0.3046875 0.9625 0.3046875 0.9625 0.709375 0.5453125 0.709375
3 0.521875 0.175 0.95625 0.175 0.95625 0.6671875 0.521875 0.6671875
3 0.5265625 0.1734375 0.8078125 0.1734375 0.8078125 0.60625 0.5265625 0.60625
3 0.5421875 0.184375 0.690625 0.184375 0.690625 0.478125 0.5421875 0.478125
3 0.4859375 0.1859375 0.553125 0.1859375 0.553125 0.5265625 0.4859375 0.5265625
3 0.3171875 0.18125 0.5015625 0.18125 0.5015625 0.5171875 0.3171875 0.5171875
3 0.2046875 0.1625 0.48125 0.1625 0.48125 0.615625 0.2046875 0.615625
3 0.0875 0.1578125 0.4921875 0.1578125 0.4921875 0.6765625 0.0875 0.6765625
3 0.0390625 0.234375 0.471875 0.234375 0.471875 0.7140625 0.0390625 0.7140625
3 0.028125 0.3671875 0.325 0.3671875 0.325 0.61875 0.028125 0.61875
3 0.01875 0.4515625 0.371875 0.4515625 0.371875 0.6828125 0.01875 0.6828125
3 0.0296875 0.56875 0.3859375 0.56875 0.3859375 0.7375 0.0296875 0.7375
3 0.0234375 0.671875 0.26875 0.671875 0.26875 0.74375 0.0234375 0.74375