3 0.059375 0.3046875 0.1484375 0.3046875 0.1484375 0.8578125 0.059375 0.8578125
3 0.1359375 0.3078125 0.2171875 0.3078125 0.2171875 0.859375 0.1359375 0.859375
3 0.2125 0.3015625 0.278125 0.3015625 0.278125 0.859375 0.2125 0.859375
3 0.271875 0.284375 0.3484375 0.284375 0.3484375 0.81875 0.271875 0.81875
3 0.3359375 0.29375 0.4140625 0.29375 0.4140625 0.8765625 0.3359375 0.8765625
3 0.4 0.2953125 0.4890625 0.2953125 0.4890625 0.8765625 0.4 0.8765625
3 0.478125 0.2828125 0.559375 0.2828125 0.559375 0.884375 0.478125 0.884375
3 0.5484375 0.275 0.634375 0.275 0.634375 0.884375 0.5484375 0.884375
3 0.6265625 0.28125 0.7171875 0.28125 0.7171875 0.8828125 0.6265625 0.8828125
3 0.703125 0.26875 0.790625 0.26875 0.790625 0.953125 0.703125 0.953125
3 0.7765625 0.275 0.8578125 0.275 0.8578125 0.875 0.7765625 0.875
3 0.846875 0.2828125 0.9390625 0.2828125 0.9390625 0.871875 0.846875 0.871875