3 0.621875 0.353125 0.7296875 0.353125 0.7296875 0.6296875 0.621875 0.6296875
3 0.6578125 0.4953125 0.8765625 0.4953125 0.8765625 0.6296875 0.6578125 0.6296875
3 0.6734375 0.55625 0.93125 0.55625 0.93125 0.6546875 0.6734375 0.6546875
3 0.678125 0.621875 0.9578125 0.621875 0.9578125 0.6984375 0.678125 0.6984375
3 0.6890625 0.684375 1 0.684375 1 0.7515625 0.6890625 0.7515625
3 0.5671875 0.353125 0.6203125 0.353125 0.6203125 0.6328125 0.5671875 0.6328125
3 0.4875 0.35625 0.5671875 0.35625 0.5671875 0.61875 0.4875 0.61875
3 0.39375 0.365625 0.528125 0.365625 0.528125 0.63125 0.39375 0.63125
3 0.2890625 0.3953125 0.49375 0.3953125 0.49375 0.6671875 0.2890625 0.6671875
3 0.221875 0.434375 0.471875 0.434375 0.471875 0.6921875 0.221875 0.6921875
3 0.1109375 0.4609375 0.4359375 0.4609375 0.4359375 0.740625 0.1109375 0.740625
3 0.0046875 0.50625 0.440625 0.50625 0.440625 0.8140625 0.0046875 0.8140625