3 0.4265625 0.2828125 0.6359375 0.2828125 0.6359375 0.71875 0.4265625 0.71875
3 0.3734375 0.121875 0.5296875 0.121875 0.5296875 0.721875 0.3734375 0.721875
3 0.3046875 0.0046875 0.403125 0.0046875 0.403125 0.69375 0.3046875 0.69375
3 0.1578125 0.1015625 0.31875 0.1015625 0.31875 0.6046875 0.1578125 0.6046875
3 0.0609375 0.23125 0.2828125 0.23125 0.2828125 0.6046875 0.0609375 0.6046875
3 0.00625 0.3296875 0.278125 0.3296875 0.278125 0.6671875 0.00625 0.6671875
3 0.4671875 0.7890625 0.659375 0.7890625 0.659375 0.99375 0.4671875 0.99375
3 0.5203125 0.6796875 0.703125 0.6796875 0.703125 0.9109375 0.5203125 0.9109375
3 0.6296875 0.6203125 0.7359375 0.6203125 0.7359375 0.8734375 0.6296875 0.8734375
3 0.7453125 0.61875 0.8296875 0.61875 0.8296875 0.8890625 0.7453125 0.8890625
3 0.7875 0.6734375 0.9515625 0.6734375 0.9515625 0.91875 0.7875 0.91875
3 0.8046875 0.7828125 1 0.7828125 1 0.996875 0.8046875 0.996875