3 0.346875 0.190625 0.6546875 0.190625 0.6546875 0.4359375 0.346875 0.4359375
3 0.3953125 0.2421875 0.7296875 0.2421875 0.7296875 0.46875 0.3953125 0.46875
3 0.4734375 0.3140625 0.79375 0.3140625 0.79375 0.4921875 0.4734375 0.4921875
3 0.43125 0.384375 0.853125 0.384375 0.853125 0.5625 0.43125 0.5625
3 0.446875 0.4765625 0.9140625 0.4765625 0.9140625 0.6234375 0.446875 0.6234375
3 0.5015625 0.578125 0.8890625 0.578125 0.8890625 0.653125 0.5015625 0.653125
3 0.5078125 0.665625 0.8765625 0.665625 0.8765625 0.7359375 0.5078125 0.7359375
3 0.5015625 0.746875 0.884375 0.746875 0.884375 0.809375 0.5015625 0.809375
3 0.06875 0.7359375 0.4421875 0.7359375 0.4421875 0.7859375 0.06875 0.7859375
3 0.1046875 0.6921875 0.4390625 0.6921875 0.4390625 0.7359375 0.1046875 0.7359375
3 0.1015625 0.6359375 0.4359375 0.6359375 0.4359375 0.6890625 0.1015625 0.6890625
3 0.10625 0.5875 0.4265625 0.5875 0.4265625 0.6453125 0.10625 0.6453125
3 0.090625 0.5359375 0.415625 0.5359375 0.415625 0.615625 0.090625 0.615625