3 0.6265625 0.2328125 0.703125 0.2328125 0.703125 0.59375 0.6265625 0.59375
3 0.7046875 0.23125 0.784375 0.23125 0.784375 0.5921875 0.7046875 0.5921875
3 0.7984375 0.2875 0.878125 0.2875 0.878125 0.59375 0.7984375 0.59375
3 0.75625 0.225 0.81875 0.225 0.81875 0.4515625 0.75625 0.4515625
3 0.875 0.3453125 0.9515625 0.3453125 0.9515625 0.5984375 0.875 0.5984375
3 0.8453125 0.6 0.9296875 0.6 0.9296875 0.8890625 0.8453125 0.8890625
3 0.753125 0.59375 0.815625 0.59375 0.815625 0.8921875 0.753125 0.8921875
3 0.6890625 0.59375 0.746875 0.59375 0.746875 0.9015625 0.6890625 0.9015625
3 0.9546875 0.596875 1 0.596875 1 0.890625 0.9546875 0.890625
1 0.1671875 0.478125 0.3046875 0.478125 0.3046875 0.8703125 0.1671875 0.8703125
1 0.0421875 0.4921875 0.19375 0.4921875 0.19375 0.85625 0.0421875 0.85625