3 0.2515625 0.1921875 0.659375 0.1921875 0.659375 0.471875 0.2515625 0.471875
3 0.178125 0.2265625 0.746875 0.2265625 0.746875 0.61875 0.178125 0.61875
3 0.3578125 0.284375 0.7796875 0.284375 0.7796875 0.609375 0.3578125 0.609375
3 0.2875 0.3328125 0.85625 0.3328125 0.85625 0.7828125 0.2875 0.7828125
3 0.471875 0.4 0.8984375 0.4 0.8984375 0.7859375 0.471875 0.7859375
3 0.4046875 0.4515625 0.996875 0.4515625 0.996875 0.984375 0.4046875 0.984375
3 0.2265625 0.1 0.2765625 0.1 0.2765625 0.4078125 0.2265625 0.4078125
3 0.1828125 0.103125 0.228125 0.103125 0.228125 0.3390625 0.1828125 0.3390625
3 0.15 0.1 0.1984375 0.1 0.1984375 0.403125 0.15 0.403125
3 0.115625 0.1046875 0.1609375 0.1046875 0.1609375 0.33125 0.115625 0.33125
3 0.0796875 0.09375 0.1296875 0.09375 0.1296875 0.4046875 0.0796875 0.4046875
3 0.0453125 0.0984375 0.08125 0.0984375 0.08125 0.34375 0.0453125 0.34375