3 0.5625 0.0734375 0.625 0.0734375 0.625 0.434375 0.5625 0.434375
3 0.5078125 0.075 0.565625 0.075 0.565625 0.4359375 0.5078125 0.4359375
3 0.453125 0.078125 0.5203125 0.078125 0.5203125 0.434375 0.453125 0.434375
3 0.4046875 0.075 0.4546875 0.075 0.4546875 0.43125 0.4046875 0.43125
3 0.3515625 0.075 0.409375 0.075 0.409375 0.4359375 0.3515625 0.4359375
3 0.3 0.0734375 0.353125 0.0734375 0.353125 0.4375 0.3 0.4375
3 0.2453125 0.0734375 0.3078125 0.0734375 0.3078125 0.4375 0.2453125 0.4375
3 0.178125 0.071875 0.2625 0.071875 0.2625 0.440625 0.178125 0.440625
3 0.4734375 0.4515625 0.5265625 0.4515625 0.5265625 0.6828125 0.4734375 0.6828125
3 0.440625 0.4484375 0.4765625 0.4484375 0.4765625 0.684375 0.440625 0.684375
3 0.403125 0.4421875 0.434375 0.4421875 0.434375 0.6828125 0.403125 0.6828125
3 0.371875 0.440625 0.3984375 0.440625 0.3984375 0.6765625 0.371875 0.6765625
3 0.3375 0.4484375 0.36875 0.4484375 0.36875 0.6796875 0.3375 0.6796875