3 0.003125 0.171875 0.303125 0.171875 0.303125 0.80625 0.003125 0.80625
3 0.0875 0.18125 0.3671875 0.18125 0.3671875 0.8484375 0.0875 0.8484375
3 0.19375 0.2140625 0.4109375 0.2140625 0.4109375 0.9046875 0.19375 0.9046875
3 0.2921875 0.1796875 0.4890625 0.1796875 0.4890625 0.903125 0.2921875 0.903125
3 0.3734375 0.209375 0.553125 0.209375 0.553125 0.9328125 0.3734375 0.9328125
3 0.4609375 0.2171875 0.6109375 0.2171875 0.6109375 0.93125 0.4609375 0.93125
3 0.5484375 0.2359375 0.665625 0.2359375 0.665625 0.965625 0.5484375 0.965625
3 0.6359375 0.1859375 0.753125 0.1859375 0.753125 0.9671875 0.6359375 0.9671875
3 0.7203125 0.1953125 0.8 0.1953125 0.8 0.934375 0.7203125 0.934375
3 0.7671875 0.1484375 0.8671875 0.1484375 0.8671875 0.9296875 0.7671875 0.9296875
3 0.8125 0.15 0.9421875 0.15 0.9421875 0.9453125 0.8125 0.9453125
3 0.828125 0.03125 1 0.03125 1 0.9359375 0.828125 0.9359375