3 0.484375 0.1390625 0.5609375 0.1390625 0.5609375 0.9484375 0.484375 0.9484375
3 0.84375 0.28125 0.928125 0.28125 0.928125 0.6375 0.84375 0.6375
3 0.784375 0.18125 0.846875 0.18125 0.846875 0.7921875 0.784375 0.7921875
3 0.721875 0.175 0.784375 0.175 0.784375 0.8625 0.721875 0.8625
3 0.640625 0.1390625 0.7203125 0.1390625 0.7203125 0.865625 0.640625 0.865625
3 0.565625 0.096875 0.6421875 0.096875 0.6421875 0.8671875 0.565625 0.8671875
3 0.409375 0.1359375 0.4828125 0.1359375 0.4828125 0.9453125 0.409375 0.9453125
3 0.3296875 0.1015625 0.409375 0.1015625 0.409375 0.8609375 0.3296875 0.8609375
3 0.253125 0.1375 0.3296875 0.1375 0.3296875 0.859375 0.253125 0.859375
3 0.184375 0.1375 0.253125 0.1375 0.253125 0.8640625 0.184375 0.8640625
3 0.1203125 0.175 0.1859375 0.175 0.1859375 0.765625 0.1203125 0.765625
3 0.034375 0.28125 0.121875 0.28125 0.121875 0.6375 0.034375 0.6375