3 0.846875 0.609375 0.9 0.609375 0.9 0.8828125 0.846875 0.8828125
3 0.859375 0.6671875 0.9078125 0.6671875 0.9078125 0.8984375 0.859375 0.8984375
3 0.8203125 0.63125 0.859375 0.63125 0.859375 0.8015625 0.8203125 0.8015625
3 0.8109375 0.68125 0.8640625 0.68125 0.8640625 0.9015625 0.8109375 0.9015625
3 0.7828125 0.715625 0.8265625 0.715625 0.8265625 0.896875 0.7828125 0.896875
3 0.784375 0.6359375 0.8140625 0.6359375 0.8140625 0.8328125 0.784375 0.8328125
3 0.7546875 0.74375 0.79375 0.74375 0.79375 0.890625 0.7546875 0.890625
3 0.7640625 0.64375 0.8 0.64375 0.8 0.8 0.7640625 0.8
3 0.7046875 0.775 0.740625 0.775 0.740625 0.8890625 0.7046875 0.8890625
3 0.665625 0.7796875 0.7015625 0.7796875 0.7015625 0.88125 0.665625 0.88125
3 0.73125 0.6296875 0.765625 0.6296875 0.765625 0.7875 0.73125 0.7875