3 0.5796875 0.178125 1 0.178125 1 0.7578125 0.5796875 0.7578125
3 0.5625 0.125 0.9375 0.125 0.9375 0.7625 0.5625 0.7625
3 0.5359375 0.0921875 0.8421875 0.0921875 0.8421875 0.74375 0.5359375 0.74375
3 0.509375 0.0609375 0.7609375 0.0609375 0.7609375 0.740625 0.509375 0.740625
3 0.4125 0.0375 0.6734375 0.0375 0.6734375 1 0.4125 1
3 0.4421875 0.028125 0.59375 0.028125 0.59375 0.740625 0.4421875 0.740625
3 0.3765625 0.0421875 0.5078125 0.0421875 0.5078125 0.7453125 0.3765625 0.7453125
3 0.340625 0.040625 0.4328125 0.040625 0.4328125 0.753125 0.340625 0.753125
3 0.2625 0.0328125 0.3421875 0.0328125 0.3421875 0.7453125 0.2625 0.7453125
3 0.1703125 0.0421875 0.321875 0.0421875 0.321875 0.7453125 0.1703125 0.7453125
3 0.084375 0.0265625 0.325 0.0265625 0.325 0.8625 0.084375 0.8625
3 0 0.0640625 0.3359375 0.0640625 0.3359375 0.99375 0 0.99375