3 0.0796875 0.0375 0.1421875 0.0375 0.1421875 0.2515625 0.0796875 0.2515625
3 0.1046875 0.0578125 0.19375 0.0578125 0.19375 0.3078125 0.1046875 0.3078125
3 0.1390625 0.025 0.2765625 0.025 0.2765625 0.31875 0.1390625 0.31875
3 0.1578125 0.015625 0.3703125 0.015625 0.3703125 0.3625 0.1578125 0.3625
3 0.1875 0.0515625 0.4671875 0.0515625 0.4671875 0.415625 0.1875 0.415625
3 0.2203125 0.1015625 0.571875 0.1015625 0.571875 0.4359375 0.2203125 0.4359375
3 0.25 0.1890625 0.65 0.1890625 0.65 0.465625 0.25 0.465625
3 0.20625 0.278125 0.7046875 0.278125 0.7046875 0.55 0.20625 0.55
3 0.1421875 0.3515625 0.746875 0.3515625 0.746875 0.640625 0.1421875 0.640625
3 0.25625 0.421875 0.8078125 0.421875 0.8078125 0.653125 0.25625 0.653125
3 0.2953125 0.515625 0.85625 0.515625 0.85625 0.6890625 0.2953125 0.6890625
3 0.209375 0.6046875 0.8859375 0.6046875 0.8859375 0.76875 0.209375 0.76875
3 0.3109375 0.7 0.9109375 0.7 0.9109375 0.815625 0.3109375 0.815625
3 0.315625 0.7953125 0.925 0.7953125 0.925 0.8796875 0.315625 0.8796875
3 0.2140625 0.8953125 0.934375 0.8953125 0.934375 0.9796875 0.2140625 0.9796875