3 0.0140625 0.01875 0.0921875 0.01875 0.0921875 0.896875 0.0140625 0.896875
3 0.10625 0.0953125 0.1875 0.0953125 0.1875 0.9609375 0.10625 0.9609375
3 0.2 0.0125 0.28125 0.0125 0.28125 0.903125 0.2 0.903125
3 0.2921875 0.0984375 0.3859375 0.0984375 0.3859375 0.9828125 0.2921875 0.9828125
3 0.3921875 0.025 0.4609375 0.025 0.4609375 0.896875 0.3921875 0.896875
3 0.4765625 0.1046875 0.5578125 0.1046875 0.5578125 0.9765625 0.4765625 0.9765625
3 0.5640625 0.01875 0.6359375 0.01875 0.6359375 0.903125 0.5640625 0.903125
3 0.6453125 0.1046875 0.7328125 0.1046875 0.7328125 0.9765625 0.6453125 0.9765625
3 0.734375 0.01875 0.80625 0.01875 0.80625 0.903125 0.734375 0.903125
3 0.8171875 0.1140625 0.8984375 0.1140625 0.8984375 0.9609375 0.8171875 0.9609375
3 0.9015625 0.021875 0.9859375 0.021875 0.9859375 0.9 0.9015625 0.9