3 0.3 0.4390625 0.71875 0.4390625 0.71875 0.6609375 0.3 0.6609375
3 0.175 0.5109375 0.5046875 0.5109375 0.5046875 0.671875 0.175 0.671875
3 0.3609375 0.396875 0.6765625 0.396875 0.6765625 0.5609375 0.3609375 0.5609375
3 0.146875 0.4546875 0.4984375 0.4546875 0.4984375 0.61875 0.146875 0.61875
3 0.2890625 0.346875 0.6578125 0.346875 0.6578125 0.5296875 0.2890625 0.5296875
3 0.1203125 0.39375 0.49375 0.39375 0.49375 0.5578125 0.1203125 0.5578125
3 0.41875 0.546875 0.796875 0.546875 0.796875 0.7546875 0.41875 0.7546875
3 0.2484375 0.5828125 0.684375 0.5828125 0.684375 0.790625 0.2484375 0.790625
3 0.503125 0.6 0.85 0.6 0.85 0.7875 0.503125 0.7875
3 0.278125 0.65625 0.6734375 0.65625 0.6734375 0.8515625 0.278125 0.8515625
3 0.4921875 0.678125 0.834375 0.678125 0.834375 0.865625 0.4921875 0.865625
3 0.303125 0.7046875 0.7125 0.7046875 0.7125 0.9265625 0.303125 0.9265625