3 0.428125 0.534375 0.7265625 0.534375 0.7265625 0.59375 0.428125 0.59375
3 0.2640625 0.4921875 0.734375 0.4921875 0.734375 0.5515625 0.2640625 0.5515625
3 0.265625 0.575 0.6203125 0.575 0.6203125 0.621875 0.265625 0.621875
3 0.43125 0.60625 0.734375 0.60625 0.734375 0.665625 0.43125 0.665625
3 0.2578125 0.640625 0.5453125 0.640625 0.5453125 0.69375 0.2578125 0.69375
3 0.44375 0.6734375 0.73125 0.6734375 0.73125 0.7265625 0.44375 0.7265625
3 0.2578125 0.703125 0.475 0.703125 0.475 0.740625 0.2578125 0.740625
3 0.496875 0.728125 0.73125 0.728125 0.73125 0.7875 0.496875 0.7875
3 0.25625 0.7421875 0.4765625 0.7421875 0.4765625 0.7953125 0.25625 0.7953125
3 0.2578125 0.796875 0.4453125 0.796875 0.4453125 0.84375 0.2578125 0.84375
3 0.3375 0.821875 0.4421875 0.821875 0.4421875 0.88125 0.3375 0.88125
3 0.2578125 0.840625 0.3703125 0.840625 0.3703125 0.9046875 0.2578125 0.9046875
3 0.546875 0.8328125 0.7453125 0.8328125 0.7453125 0.8859375 0.546875 0.8859375
3 0.515625 0.78125 0.7359375 0.78125 0.7359375 0.8296875 0.515625 0.8296875