3 0.4296875 0.3046875 0.8234375 0.3046875 0.8234375 0.609375 0.4296875 0.609375
3 0.5 0.434375 0.8671875 0.434375 0.8671875 0.634375 0.5 0.634375
3 0.534375 0.5546875 0.9328125 0.5546875 0.9328125 0.7609375 0.534375 0.7609375
3 0.4484375 0.68125 0.9734375 0.68125 0.9734375 0.8828125 0.4484375 0.8828125
3 0.259375 0.571875 0.4875 0.571875 0.4875 0.7578125 0.259375 0.7578125
3 0.1546875 0.690625 0.3671875 0.690625 0.3671875 0.8765625 0.1546875 0.8765625
3 0.4078125 0.240625 0.740625 0.240625 0.740625 0.5390625 0.4078125 0.5390625
3 0.3109375 0.13125 0.6703125 0.13125 0.6703125 0.5640625 0.3109375 0.5640625
3 0.225 0.0875 0.5453125 0.0875 0.5453125 0.5875 0.225 0.5875
3 0.1875 0.25625 0.3375 0.25625 0.3375 0.575 0.1875 0.575
3 0.1140625 0.26875 0.221875 0.26875 0.221875 0.625 0.1140625 0.625
3 0.034375 0.3203125 0.128125 0.3203125 0.128125 0.6921875 0.034375 0.6921875