4 0.284375 0.2625 0.6671875 0.2625 0.6671875 0.4265625 0.284375 0.4265625
4 0.7171875 0.4734375 0.9953125 0.4734375 0.9953125 0.584375 0.7171875 0.584375
4 0.7234375 0.5578125 1 0.5578125 1 0.678125 0.7234375 0.678125
4 0.45 0.09375 0.76875 0.09375 0.76875 0.21875 0.45 0.21875
4 0.653125 0.1625 0.9421875 0.1625 0.9421875 0.2703125 0.653125 0.2703125
4 0.665625 0.225 0.965625 0.225 0.965625 0.340625 0.665625 0.340625
4 0.384375 0.5234375 0.728125 0.5234375 0.728125 0.6890625 0.384375 0.6890625
4 0.3734375 0.4625 0.7015625 0.4625 0.7015625 0.5765625 0.3734375 0.5765625
4 0.0875 0.0953125 0.4421875 0.0953125 0.4421875 0.240625 0.0875 0.240625
4 0.0703125 0.2359375 0.29375 0.2359375 0.29375 0.3203125 0.0703125 0.3203125
4 0.0578125 0.2796875 0.2859375 0.2796875 0.2859375 0.378125 0.0578125 0.378125
4 0.2203125 0.1609375 0.421875 0.1609375 0.421875 0.2640625 0.2203125 0.2640625
4 0.41875 0.1984375 0.6515625 0.1984375 0.6515625 0.3015625 0.41875 0.3015625
4 0.003125 0.365625 0.3359375 0.365625 0.3359375 0.4984375 0.003125 0.4984375
4 0.05625 0.4640625 0.3859375 0.4640625 0.3859375 0.5890625 0.05625 0.5890625
4 0.3921875 0.665625 0.7265625 0.665625 0.7265625 0.7875 0.3921875 0.7875
4 0.3578125 0.84375 0.696875 0.84375 0.696875 0.9734375 0.3578125 0.9734375
4 0.525 0.7671875 0.9578125 0.7671875 0.9578125 0.9515625 0.525 0.9515625